pixels wave1 wave2 name
1294.98 3888.66887   3888.646  HeI
1607.46 4471.34144   4471.477  HeI
1733.07 4713.15522   4713.143  HeI
1840.15 4922.03669   4921.929  HeI
1887.82 5015.72201   5015.675  HeI
2352.53 5944.92353  5944.8342  NeI(1)
2427.12 6096.09924   6096.163  NeI
2450.24 6143.04486  6143.0623  NeI(1)
2510.91 6266.39684   6266.495  NeI(5)
2544.31 6334.42609  6334.4279  NeI(1)
2628.67 6506.50213  6506.5279  NeI(3)
2673.89 6598.88505  6598.9529  NeI(6)
2835.41 6929.55987   6929.468  NeI(6)
2885.57 7032.41446  7032.4127  NeI(1)
2954.59 7173.99962   7173.939  NeI(6)
3006.85 7281.23791   7281.349  HeI
3083.74 7439.02588   7438.899  NeI
3612.28 8521.37192   8521.441  ArI(8)
3908.16 9123.05463   9122.966  ArI(1)
3958.25 9224.43966   9224.498  ArI(8)
